Image Name, BRISQUE Score, NIQE Score, VGG16 Score, GROUND TRUTH (MOS Z-Score) 
10004473376.jpg, 9.7100370182404, 7.462373108378043, 26.7907772064209, 77.3836206896552
10007357496.jpg, 20.4422438857234, 9.482521614063089, 42.301048278808594, 68.7285714285714
10007903636.jpg, -4.495060810479941, 10.883962713121244, 33.986053466796875, 78.6285714285714
10009096245.jpg, 27.264524468684243, 14.040199692907796, 44.44182586669922, 77.24375
100117038.jpg, 2.331687639388946, 8.134970576372092, 58.0993766784668, 75.1125
10012398043.jpg, 15.177334489133358, 14.44932899755822, 29.014957427978516, 65.1495327102804
10013822223.jpg, 54.144796924828796, 13.08352586384177, 41.560707092285156, 68.30625
10014002683.jpg, 41.098917800532234, 15.28701603423293, 24.024078369140625, 64.7627118644068
10017119924.jpg, 10.85365076914772, 8.944340807188885, 60.4058952331543, 66.224358974359
10020766793.jpg, 14.91652947880172, 8.277228461156806, 40.968605041503906, 81.50625
10020891105.jpg, 3.4549900584728164, 14.562854775996017, 39.7013053894043, 56.8297413793103
10022757465.jpg, 42.38589292849085, 11.015934761009607, 56.15996551513672, 71.0154867256637
10022844623.jpg, 8.080243711188444, 8.82722831153689, 44.35087585449219, 60.925
10027545463.jpg, 25.858098474238517, 11.40646357390473, 57.311954498291016, 72.8279816513761
10027582235.jpg, 10.000785307154246, 14.800824784844048, 37.08225631713867, 77.1377118644068
10029841663.jpg, 20.988029988815555, 11.388362709479441, 36.925758361816406, 70.125
10031298826.jpg, 7.507627778279215, 7.952066022810641, 45.88823318481445, 50.5681818181818
10031913154.jpg, 17.12031149522349, 12.591081964194316, 17.24517250061035, 70.5
10039534103.jpg, 53.38722404724169, 11.394396689318585, 35.69545364379883, 76.075
10041870415.jpg, 6.838806427771345, 13.274413539070947, 41.559852600097656, 66.4210526315789
10043785683.jpg, 9.130494284432729, 14.383514695650224, 33.84421157836914, 71.2043269230769
10047832035.jpg, 18.850567886478956, 8.617746863322969, 57.783660888671875, 71.8
10048365153.jpg, 21.50794346370273, 9.405762242413378, 49.96269226074219, 58.0929203539823
10050349236.jpg, 36.61540594925586, 10.661521942481905, 33.51704788208008, 30.9418103448276
10058760545.jpg, 23.21964985232941, 25.914099537048543, -1.389518141746521, 15.2293577981651
10059344614.jpg, 18.198434315966523, 9.688150335783835, 34.43206024169922, 68.6651376146789
10061596254.jpg, 19.915266743063825, 15.879671357952352, 47.75101852416992, 59.6418918918919
10067457634.jpg, 17.20171180181805, 9.025905732011795, 72.6788101196289, 78.4390756302521
10068507976.jpg, 5.688039505254068, 15.660991765303049, 14.549760818481445, 57.6548672566372
10068778516.jpg, 28.482597326641525, 9.450642917655482, 36.73268127441406, 71.8782608695652
10069534975.jpg, 5.760965358689731, 7.65319860072179, 43.932098388671875, 73.7222222222222
10071864114.jpg, 27.85838760937483, 16.963797784399386, 51.56615447998047, 71.9090909090909
10075168775.jpg, 48.82394140507367, 8.251485850288043, 49.78071212768555, 74.7785714285714
10077468576.jpg, 9.203769307126066, 10.440183959765996, 78.35356903076172, 73.8152173913043
10077880165.jpg, 37.61084257123079, 40.60569932623992, 45.105716705322266, 31.2256637168142
10079711433.jpg, 29.57659176471131, 10.292752294446382, 81.64289855957031, 59.0625
10082923485.jpg, 18.579882767907606, 11.954492868317978, 12.069711685180664, 53.2260869565217
10086300493.jpg, 3.488033463019036, 8.548183093577574, 26.85556983947754, 68.3026315789474
100882570.jpg, 13.40987947541484, 7.196268570515908, 44.04525375366211, 65.4747899159664
10089027076.jpg, 31.991521170063464, 27.291915377188698, 6.132772445678711, 23.0785714285714
10089177336.jpg, 4.418996082531265, 6.961429122060101, 27.97709846496582, 72.945945945946
10091520555.jpg, 27.169225313883516, 16.729793922920535, 6.8110151290893555, 33.6443965517241
10093057603.jpg, 36.82767760986221, 11.449771526166133, 58.4936408996582, 63.4955752212389
10094235786.jpg, 22.04832691078647, 9.728939373144506, 67.67073822021484, 62.1559633027523
10110458216.jpg, 18.780227619538636, 9.06219724994993, 25.57792091369629, 64.7293577981651
10111411235.jpg, 33.631258541057235, 16.548784927587185, -2.5822911262512207, 18.4705882352941
10113730664.jpg, 20.675624692157925, 13.97792987199789, 44.19464111328125, 68.8125
10115071674.jpg, 15.76521094707411, 9.432071322288467, 37.072265625, 72.775
10118773964.jpg, 20.944859300815523, 9.830389258196027, 24.305822372436523, 53.0733944954128
10121813934.jpg, 12.431914556297528, 11.155976395334031, 57.80220031738281, 65.3980582524272
10125013364.jpg, 20.67232399500992, 10.013408299114616, 1.025302529335022, 31.2711538461538
10126177964.jpg, 75.45649847502446, 13.981636624864501, 50.212554931640625, 70.9078947368421
10126857344.jpg, 3.1125094052343627, 10.467591597341123, 36.37268829345703, 68.7331932773109
10130566006.jpg, 31.397773545250146, 6.740042999143169, 24.28553009033203, 71.95
10131980434.jpg, 56.6508660785714, 12.801200908897552, 23.695837020874023, 61.0279850746269
10133867305.jpg, 16.699379722646853, 11.230374775060334, 53.360374450683594, 58.1607142857143
10134737015.jpg, 44.33674459207643, 13.023399599229739, 30.82395362854004, 54.5903361344538
10140071304.jpg, 55.86920667487354, 14.13672745310984, 29.46489715576172, 62.5576923076923
1014369849.jpg, 58.75165373828108, 13.661337951352177, 42.3615608215332, N/A
10147970884.jpg, 24.298577976931455, 12.436466506596911, 39.27370834350586, 76.8561946902655
101484668.jpg, 30.891157321978966, 13.104781781084919, -1.3409498929977417, N/A
10153847086.jpg, 27.99123565333295, 7.033932470334768, 31.647920608520508, 59.23125
10154367094.jpg, 34.59448847912401, 14.043880052150326, 57.811710357666016, 74.1120689655172
10154991453.jpg, 11.194804094440741, 5.4365177849945185, 47.3574104309082, 74.1854838709677
10155925686.jpg, -1.6141455976370764, 9.803850576022997, 39.34749984741211, 52.8798076923077
101601008.jpg, 18.128717597256895, 7.719880959516519, 60.65555953979492, 61.0875
10164654253.jpg, 18.926891778525913, 19.50688172264931, 59.696842193603516, 52.9220183486239
10164842933.jpg, 12.65025053538372, 13.391383348571912, 52.52522277832031, 76.69375
10169304416.jpg, 4.599058179661455, 7.012905850039401, 68.84442901611328, 80.8716814159292
10173544123.jpg, 19.892623034478532, 12.381767513431127, 25.967605590820312, 65.1055555555556
1017647143.jpg, 18.198967237652568, 7.326221469204647, 48.23213195800781, N/A
10177270623.jpg, 23.253479485509246, 14.709997468298507, 47.3552131652832, 59.4800884955752
10177793964.jpg, 6.010011912555882, 11.235509357520442, 41.55912399291992, 68.5218446601942
10178112894.jpg, 9.278347107619737, 8.248690191374111, 39.38654327392578, 40.2586206896552
10178183416.jpg, -4.493375227047437, 12.642789967059864, 31.963022232055664, 75.6842105263158
10178914656.jpg, 20.618861336275785, 7.679144257969541, 39.60896301269531, 69.7991071428571
10183769356.jpg, 38.37718058156017, 9.840086670973886, 36.51372146606445, 70.0472972972973
10186643874.jpg, 17.47062862723928, 13.073430446659938, 20.63364601135254, 51.5731707317073
10186680555.jpg, 27.03470120973688, 19.84564585768684, 102.91976165771484, 55.3362068965517
10186832194.jpg, 40.85884271548704, 12.773446227467, 77.4754409790039, 57.5818584070796
10187102065.jpg, 16.431449587225046, 14.120779544425528, 18.95439910888672, 38.7142857142857
10187522803.jpg, 29.416085427667753, 9.813007850018447, 56.8123893737793, 68.4601769911504
10191607755.jpg, 34.413949703191605, 8.872240411549374, 60.879486083984375, 79.4115044247788
10196228605.jpg, 8.570677367707816, 6.63297089060083, 31.877866744995117, 63.8040540540541
10203647273.jpg, 9.068612086101865, 9.55639356506427, 24.823043823242188, 73.5021186440678
10205220286.jpg, 37.814284615782725, 15.54432294163575, 34.16123962402344, 29.2638888888889
10206674394.jpg, -10.930839270730672, 12.629880069328127, 60.232662200927734, 79.1100917431193
10207172624.jpg, 3.5973812306095567, 8.955841896897745, 44.5909423828125, 62.5344036697248
10209014225.jpg, 30.087044021848527, 8.053070956713574, 30.549388885498047, 64.8411214953271
10209917915.jpg, 42.7547329071177, 15.099065486771353, 9.731720924377441, 46.9097222222222
10211880874.jpg, 38.67577843655849, 11.966868288802925, 36.09262466430664, 35.0487288135593
10213881683.jpg, 35.53544912784602, 12.7963245878039, 6.645439624786377, 37.1232142857143
10218118033.jpg, 15.446320234388708, 12.78401800090957, 48.54179000854492, 75.6659663865546
10221144393.jpg, 41.419098711516966, 13.549426669018459, 3.3969147205352783, 18.275641025641
10224586444.jpg, 30.041040243916854, 9.313994201942906, 40.19441604614258, 37.975
10226277514.jpg, 22.09725836389029, 12.742010945410588, 8.508217811584473, 43.2162162162162
10226524916.jpg, 37.02855163697515, 17.778666400039267, 11.317930221557617, 20.6216216216216
10227210045.jpg, 18.529456895632478, 11.895328053874865, 44.14301681518555, 70.4245283018868
10241630856.jpg, 22.843660873700486, 9.698109571356566, 15.307023048400879, 63.6573275862069
10241895785.jpg, 10.767945689735228, 10.750855048763805, 60.27014923095703, 67.0736607142857
10244314384.jpg, 30.252258646448666, 10.913817666738055, 19.412879943847656, 47.5481651376147
10244715656.jpg, -7.59324002179315, 12.894679578339273, 59.826866149902344, 53.3223684210526
10246311914.jpg, -1.3703551184753735, 10.975690000680943, 31.829063415527344, 75.4579831932773
10246318724.jpg, 3.459545286415022, 12.444929898649372, 30.985803604125977, 74.3581081081081
10258169584.jpg, 12.267552028017548, 15.393307385518554, 33.21737289428711, 57.2302631578947
10260190424.jpg, 10.179383860979868, 11.89435904315543, 21.666385650634766, 68.8652173913043
1026198859.jpg, -18.339175242262883, 8.484627250831965, 80.8663558959961, 70.2715517241379
10262588616.jpg, 32.78024317991705, 10.478516574728571, 33.47639465332031, 61.4485981308411
10264804094.jpg, 27.88504525955679, 16.039866817138645, 31.11017608642578, 76.6495535714286
10264984793.jpg, 49.91043760293812, 7.7283729694505885, 18.017271041870117, 66.1
10265315316.jpg, 14.611380519042285, 15.772583369623135, 32.64860153198242, 62.9513888888889
10265809113.jpg, 18.653601927131234, 13.565873141342854, 19.826454162597656, 73.7767857142857
10273804555.jpg, 10.276117279266572, 9.907121587232819, 25.358253479003906, 68.3026315789474
10278246465.jpg, 14.083182018170277, 15.325024928440145, 68.66594696044922, 70.8416030534351
1027833701.jpg, -4.362262415980496, 8.76464133639641, 20.568740844726562, N/A
10279904885.jpg, 47.27870594322482, 14.297864427205088, 0.11943177878856659, 44.0400943396226
10280683815.jpg, 44.49110842387424, 13.316887621620667, 68.74234008789062, 77.425
10280835505.jpg, 36.11202498512202, 15.762808624438916, 19.88447380065918, 31.2256637168142
102825508.jpg, 14.784469070494055, 15.755639930833887, 24.393190383911133, N/A
10283619534.jpg, 11.384112073393425, 10.49867046773362, 13.742419242858887, 77.9740566037736
10287677265.jpg, 22.8457811538386, 15.769756614464754, 39.676483154296875, 64.1272321428571
10289468185.jpg, 21.96814089548795, 10.15831344746545, 122.33113098144531, 73.525
10290759976.jpg, 10.095710359275785, 12.168068545533249, 17.760215759277344, 77.9256756756757
1029470257.jpg, 19.405701449061752, 7.892959056777759, 24.222393035888672, 43.0961538461538
10295875445.jpg, 15.923485274686954, 17.390299008876312, 27.797077178955078, 62.563025210084
10296038236.jpg, 31.4452872393027, 8.696041841856639, 15.429234504699707, 40.6438053097345
10299438733.jpg, -10.749991755940783, 12.72390625518433, 20.785181045532227, 55.2683486238532
102995966.jpg, 62.306753394245305, 14.10053188326727, 31.80377197265625, 16.4600840336134
10316734944.jpg, 21.833157288303795, 11.876451170043676, 40.964202880859375, 67.3055555555556
10319186405.jpg, 32.536841977827834, 12.558921958788854, 43.667381286621094, 55.5540540540541
10319713194.jpg, 47.438321141797445, 10.862331705439924, -8.723932266235352, 7.99152542372881
10325321.jpg, -0.900647246841487, 9.400504146925146, 85.11325073242188, 76.8717948717949
10327985614.jpg, 4.611936622148477, 9.06591403316166, 43.57094955444336, 75.1026785714286
10329149264.jpg, 16.490235505027584, 10.797672491577604, 75.45792388916016, 71.9797297297297
10329235193.jpg, 50.53487723360533, 5.152888543566763, 26.38016700744629, 84.1292372881356
10330831494.jpg, 24.867778726745627, 12.521812718207117, 57.89834976196289, 48.5321100917431
10335072144.jpg, 28.24807496933974, 12.75449124686412, 27.43156623840332, 62.1610576923077
10336689775.jpg, 39.84896848681328, 7.9673178711081745, 2.320542335510254, 65.1811023622047
103400056.jpg, 22.949330417107575, 5.740416260856404, 71.69192504882812, 77.8625
10342569703.jpg, 8.473192114040984, 11.649991091669463, 35.154083251953125, 38.6081081081081
10344523015.jpg, 35.802165992971794, 12.300303563261464, 24.386274337768555, 52.5263157894737
10344921126.jpg, 86.88889082226282, 14.189321780813655, -0.17419862747192383, 4.46638655462185
1034624333.jpg, 14.220121676234925, 11.290691682005585, 20.514076232910156, N/A
10346758803.jpg, 37.09777240334594, 8.80124875680421, 44.99527359008789, 63.5336134453782
10346796664.jpg, 6.241478407945095, 10.979616984574331, 59.547447204589844, 70.6504424778761
10349956885.jpg, -9.656521230939603, 8.112038899250821, 54.1230354309082, 69.75
10350497833.jpg, 19.871267024845196, 10.448615493866816, 37.734703063964844, 58.260593220339
10351189716.jpg, 19.24316867007846, 9.748238148357066, 37.524356842041016, 61.01875
10353620913.jpg, 22.999461140706302, 13.782441399819016, 32.80447006225586, 56.7071428571429
10358252894.jpg, 19.273377378669664, 14.693243276511732, 25.868501663208008, 64.4615384615385
10362672006.jpg, 22.5142304464176, 14.398863272932894, 40.8027229309082, 75.8189655172414
10366373284.jpg, -6.953282434502654, 18.174177627929147, 81.16864013671875, 75.4545454545455
1036840624.jpg, 48.75989680376583, 13.010805813425062, 14.981468200683594, 28.3382352941176
10371125786.jpg, 11.96688030709467, 17.152801640830692, 15.629705429077148, 38.245145631068
10371211803.jpg, 16.079138997319745, 9.228760639822285, 34.31202697753906, 66.38125
10372323314.jpg, 19.1724700976184, 7.779760831323915, 36.03419876098633, 65.3361344537815
10373546175.jpg, 35.0295911162834, 17.258731641776524, 79.96658325195312, 61.9538834951456
10375167904.jpg, 18.294276236325885, 11.57020652383188, 53.697792053222656, 62.4080188679245
10382843045.jpg, 40.33257712390295, 16.410435090345988, 40.517974853515625, 48.6347826086957
10387390396.jpg, 36.26654667170257, 14.507571193529358, 48.363956451416016, 74.3417431192661
10387844376.jpg, 1.7871844352309552, 10.42683305871472, 33.6575927734375, 65.6134453781513
10388184626.jpg, 12.356855984492853, 17.653092411793466, 63.012752532958984, 78.5802752293578
10395523125.jpg, 25.362007359672106, 16.051192961531424, 74.5550765991211, 60.5069444444444
10397166423.jpg, 12.25970492510939, 15.73554336807997, 0.17343257367610931, 73.9358407079646
10397631976.jpg, 4.19471952714693, 15.734512787662194, 91.43177032470703, 73.7247899159664
10399580503.jpg, 50.61982679185209, 9.899607573295913, 72.22563171386719, 76.6371681415929
10403509543.jpg, 36.44870152846633, 19.00672583748512, 48.479278564453125, 68.0117924528302
10407720764.jpg, 44.56640591575987, 12.774737697190098, 21.57881736755371, 38.6261682242991
10408374535.jpg, 30.64335984626254, 16.837781475760107, 45.20125961303711, 48.9217391304348
10408474376.jpg, 7.922416845426227, 10.04717570636871, 79.2021484375, 81.4894957983193
10409059825.jpg, 36.89173912285784, 15.922310626757323, 47.01107406616211, 73.1513157894737
10410038143.jpg, 8.425810532356621, 11.701736363240892, 101.21832275390625, 78.1659482758621
10412894895.jpg, 16.3925354873397, 14.995177841857085, 42.91609191894531, 57.4121621621622
10414716033.jpg, 14.820740341401319, 12.479655617734654, 55.73725128173828, 71.0878378378378
10415628976.jpg, 54.12422833225568, 12.219968905314843, 7.138818264007568, 20.0868644067797
10415631353.jpg, 58.023801002724866, 19.20473004865728, 20.280357360839844, 43.0819327731092
104219737.jpg, -5.176963716214374, 13.755395880943174, 18.264972686767578, 50.2954545454545
10422425365.jpg, 1.528424485087811, 9.79545305243885, 28.62742805480957, 72.5723684210526
10422776735.jpg, 21.258889784125216, 9.551825409417619, 25.422338485717773, 69.772
10423472445.jpg, 6.2231978704782875, 10.285112152555092, 61.896820068359375, 72.5705128205128
10429780626.jpg, 26.63397543371113, 9.993099794976953, 40.50079345703125, 72.0285714285714
10430002553.jpg, 20.048316083486924, 14.567715805202177, 63.40196990966797, 77.5206422018349
10430335945.jpg, 38.84827100827235, 14.096495578888602, 18.497159957885742, 39.9741379310345
10440370734.jpg, 37.32316957937368, 11.061840480758427, 14.192237854003906, 39.2436440677966
10442628686.jpg, 37.94334334173956, 17.59036181666127, 9.57740306854248, 41.5810810810811
10446770756.jpg, -10.258285070129574, 7.5406604483966015, 54.95695114135742, 73.0288461538462
10446810546.jpg, -0.2670373787255187, 14.672484974156117, 44.927913665771484, 74.734375
10451177016.jpg, -1.8072529389772, 11.230540352753994, 52.44841766357422, 70.9357798165138
10453950204.jpg, -4.3318705668787345, 11.199279940946395, 19.072572708129883, 58.975
10458591.jpg, 18.649009687073743, 17.71711576739621, 50.588279724121094, 51.4871794871795
10458703674.jpg, 12.749983864275777, 14.648149780551782, 22.652515411376953, 38.1615044247788
10459022813.jpg, 17.029929986825977, 9.372835704286095, 43.95572280883789, 79.9642857142857
10463545414.jpg, 43.90339326949501, 15.686419500046966, 30.1700439453125, 55.0444915254237
10463583515.jpg, 24.525765969672506, 10.108359572844751, 87.6357650756836, 76.6973684210526
10464940425.jpg, 18.76706352941298, 12.32746211054044, 41.29587936401367, 71.3851351351351
10465121613.jpg, 17.434550535795864, 25.03222844114994, 19.469396591186523, 61.5723684210526
10465293055.jpg, -3.8795397873527975, 5.830646819874883, 42.270835876464844, 76.5366972477064
10466350116.jpg, 15.175308342080001, 15.798699630103975, 37.47194290161133, 77.224358974359
10466453556.jpg, 32.53445892043541, 13.118243724967288, 19.063018798828125, 28.8004201680672
10468110795.jpg, 14.358385572661604, 19.896876353673015, 22.65760040283203, 61.4754464285714
10468540574.jpg, 31.831094555396334, 16.29050999851641, 45.46759033203125, 67.075
10469774844.jpg, 27.438982264731266, 19.462016859473643, 26.946474075317383, 59.6034482758621
10471406506.jpg, 32.50597265716439, 20.15272678088772, 19.215625762939453, 28.2884615384615
10474002734.jpg, 15.05254098611087, 7.750877098952014, 44.629127502441406, 80.7745535714286
10475435053.jpg, 1.3175161655330783, 7.563054084280071, 55.90952682495117, 57.8487394957983
10475658035.jpg, 20.74986452923801, 12.789842562006932, 42.30916213989258, 83.225
10481974434.jpg, 16.581638382479667, 12.815966347319558, 25.212215423583984, 42.4615384615385
10486107003.jpg, 19.48637936664963, 9.546997450852396, 39.959110260009766, 67.9930555555556
10490369963.jpg, 24.291742329430434, 14.445504440097688, 16.838584899902344, 39.0540540540541
10491358066.jpg, 21.835875098601463, 20.62966040066099, 33.10240173339844, 64.45
10491423125.jpg, 14.670668006964405, 18.320355751495672, 72.9191665649414, 72.5
10492897986.jpg, 4.393715751823237, 11.062569813773624, 29.79224967956543, 44.6283783783784
10505275743.jpg, -9.785859292107858, 7.442275209485046, 79.7333755493164, 75.25
10506082433.jpg, 21.845330388918995, 10.464894634416591, -5.046606540679932, 41.9444444444444
10512432565.jpg, 31.57507262029921, 16.40135359748735, 23.71156120300293, 68.1785714285714
10513907744.jpg, 44.139605406769505, 11.038214543928449, 30.492080688476562, 59.4311926605505
10516786036.jpg, 4.641484559100121, 12.254179238581697, 42.471961975097656, 73.94375
10517436165.jpg, 15.453776696985273, 15.700403606866827, 31.157087326049805, 42.4652173913043
10520192995.jpg, 51.11513629261137, 16.529764880494454, 24.207599639892578, 55.1630434782609
10525460645.jpg, 11.825116503850467, 12.997216135708676, 35.26750946044922, 71.9652777777778
10526881085.jpg, 26.233883410997322, 19.035358452703377, 23.223398208618164, 44.4598214285714
10530470795.jpg, 19.657960494096614, 12.795399427965057, 51.90925216674805, 38.7567567567568
10532663625.jpg, 16.697351960341592, 14.633045436362673, 32.29627990722656, 70.2565789473684
10534454676.jpg, 9.884791439353847, 8.410669229956625, 57.291839599609375, 71.0891304347826
10535849673.jpg, 21.736595092210536, 13.282262745231762, 20.06698989868164, 47.9556074766355
10536668436.jpg, 16.295007937351187, 16.24908566783114, 28.085649490356445, 36.5432330827068
10538085833.jpg, 21.826263618144793, 12.485210823141982, 8.550653457641602, 52.6710526315789
10539008983.jpg, 28.20427043177071, 14.432671419034861, 67.13211822509766, 71.0154867256637
10539142034.jpg, 12.810738048298248, 8.350020452357638, 60.27324295043945, 78.1809210526316
10539341593.jpg, 8.633773293040434, 10.260625788117295, 50.0433349609375, 75.025
10544775715.jpg, 21.449768335519565, 10.53447129973888, 40.602294921875, 48.0642857142857
10544833625.jpg, 1.7203039017080926, 11.658854394155028, 29.07139778137207, 50.5756880733945
10544945153.jpg, 13.65124009868859, 15.63972464323734, 27.100318908691406, 50.8235294117647
10554234623.jpg, 14.54106230782881, 15.528080332499181, 47.206260681152344, 51.609243697479
10556629035.jpg, 18.724889415445062, 5.39795470129649, 29.243412017822266, 73.2821100917431
10558118243.jpg, 5.7852903149689325, 11.587420479414176, 27.876056671142578, 75.8
105620456.jpg, 32.960688628691486, 22.031229308329358, 33.357791900634766, 55.8625
10567114974.jpg, 28.938312492900053, 18.370981217836192, 15.131487846374512, 64.8478260869565
10567188645.jpg, 24.285972093371782, 12.077374226452532, 53.58584213256836, 64.1575630252101
10568567754.jpg, 24.539826054661916, 7.402347790433446, 64.37226867675781, 75.1782608695652
10569725133.jpg, 23.596418421761058, 10.354218513939731, 77.37801361083984, 74.3008849557522
1057328504.jpg, 20.199078424989665, 14.692372044227067, 21.935192108154297, 31.4955357142857
10574233584.jpg, 29.362818040139558, 11.755638805662866, 32.89539337158203, 51.7110091743119
10575593285.jpg, 29.379322094301727, 14.27375872344746, 44.107601165771484, 59.2126168224299
10576676414.jpg, 15.178235652287043, 17.316563607744158, 31.618492126464844, 66.4107142857143
10579282866.jpg, 20.470664650698808, 9.147351226663666, 62.10332489013672, 63.3181818181818
1057997640.jpg, 35.236143470150836, 12.1976380288175, 40.8497314453125, 52.7758620689655
10581525775.jpg, 27.606200350508487, 9.684380113293548, 37.98836135864258, 63.3766891891892
10582113466.jpg, 27.574895395805328, 9.280848193744752, 14.187909126281738, 58.1607142857143
10583786994.jpg, 69.87748081695062, 14.273328148260948, 23.292131423950195, 60.1880733944954
10586872235.jpg, 31.980471124276363, 13.06952609880039, 30.124919891357422, 41.6388888888889
10589450596.jpg, 29.056636240177767, 12.63594058272115, 27.593963623046875, 64.5773809523809
1059399148.jpg, 16.598995431513316, 13.21713116484594, 31.165054321289062, N/A
10597114264.jpg, 4.463805971250366, 9.69047612564556, 65.39044189453125, 72.8928571428571
10602786066.jpg, 22.750440265110996, 14.696601643653063, 32.56879806518555, 27.7605042016807
10603218265.jpg, 27.438697490772682, 6.984417813431882, 55.336517333984375, 71.8616071428571
10604417276.jpg, 34.03900835430747, 9.473657370242842, 78.03768920898438, 77.3692660550459
10605846204.jpg, 9.128040485082892, 9.35823205021073, 55.18534851074219, 70.4620535714286
10609356094.jpg, 14.758434383691537, 8.837470752036715, 13.331781387329102, 67.0
10614052044.jpg, 7.205294220399736, 9.66434597481956, 26.732860565185547, 74.6207627118644
10615424764.jpg, 68.51644309898435, 10.258993399759266, 21.355161666870117, 74.1903669724771
10617981003.jpg, 58.298648356934876, 14.823341004924925, 14.146602630615234, 40.3175675675676
10619909515.jpg, 27.05917651796605, 13.66125373557687, 33.4658088684082, 60.7775423728814
10620203775.jpg, 45.439584121290835, 12.525460679266853, 7.252677917480469, 20.8611111111111
10620356404.jpg, 22.70088048449699, 17.82359220543836, 58.764625549316406, 56.454347826087
1062133952.jpg, 14.568096092385275, 7.8822339440674485, 59.75550842285156, 60.9872881355932
10625988224.jpg, 10.331984440150535, 7.427903317457014, 39.119571685791016, 66.8443396226415
10628337356.jpg, 7.85802469633299, 10.377774983735128, 57.306396484375, 75.4042056074766
10628497685.jpg, 3.1828051921681606, 7.860079152630719, 38.02467346191406, 54.9478260869565
10628645805.jpg, 16.203154495041503, 7.469108648520885, 78.62522888183594, 83.5808823529412
10631219374.jpg, 14.716009385554543, 7.14113988045479, 68.23579406738281, 71.7142857142857
10631630073.jpg, 33.15681305209077, 13.528907442679767, 28.403907775878906, 21.4116379310345
1063351510.jpg, 30.765310518487553, 13.345777708908471, 28.63610076904297, 47.1153846153846
10633933603.jpg, 14.807831985384354, 12.29560892988252, 32.16960906982422, 58.8898305084746
10635160054.jpg, 12.831662831881175, 18.64157969759957, 52.5511360168457, 69.7049180327869
1063722220.jpg, 19.126882805935765, 9.235946905732433, 26.809812545776367, 56.0233050847458
10642085843.jpg, 12.930600126543112, 17.21150344586471, 80.7960205078125, 74.8375
10644234544.jpg, 4.833994218146785, 16.000976765253057, 64.21566772460938, 54.7289915966387
106456452.jpg, 35.672737958217766, 19.759427456679223, 10.371644973754883, 25.2727272727273
10660362264.jpg, 21.89766671348579, 12.564678764005977, 47.90346145629883, 77.8932038834951
10660571735.jpg, 46.19833185768104, 13.27641947436113, 26.53545570373535, 47.7021739130435
10660620125.jpg, 5.0289777648867755, 9.328500210140453, 70.39936828613281, 73.7898230088496
106652866.jpg, 17.49983550857243, 11.684340843025415, 46.67386245727539, 49.0441176470588
10665464526.jpg, 11.506103391018058, 9.817806913510656, 59.77549362182617, 76.9138655462185
10676427864.jpg, 41.02805971623772, 9.615411696952261, 22.269962310791016, 75.872641509434
1067765170.jpg, 42.31482751286714, 12.520223922224805, 23.2484130859375, 51.175
10678199353.jpg, 9.761395820710476, 11.176850715079274, 35.44316101074219, 70.3611111111111
10678350303.jpg, 15.181688827062175, 8.798332633444526, 31.95435905456543, 66.7866379310345
10679134563.jpg, 70.78131966633995, 11.567726323371529, -0.4724217653274536, 33.2791262135922
10680153225.jpg, 68.32466029452436, 12.87501046006135, 26.49732208251953, 45.4065217391304
10680502673.jpg, -3.1673707548369805, 8.720251165396911, 65.59850311279297, 78.75625
10680715605.jpg, 39.133031707600566, 11.763251129714071, 25.78753089904785, 37.3
10680932454.jpg, 8.829085416209153, 13.970793761866766, 35.58638381958008, 51.39375
10683218616.jpg, 34.75291979426365, 12.184053952461005, 22.81438636779785, 69.4391304347826
10686332213.jpg, 28.579970298173833, 14.845324876722875, 18.136587142944336, 57.4216101694915
10689376076.jpg, 15.101350702186522, 11.511085849220454, 54.340415954589844, 59.239406779661
10689538413.jpg, 14.830332932849473, 10.000359008382606, 87.2372817993164, 73.66875
10689722684.jpg, 19.332310167054032, 12.021261388860454, 60.75869369506836, 76.14375
10690294454.jpg, 27.02393482301747, 8.226651610969078, 21.481491088867188, 72.5
10692654005.jpg, 9.129880616525583, 14.494353286998379, 84.06580352783203, 68.2
10692667386.jpg, 12.458066821218694, 10.977286970852754, 32.185916900634766, 71.9033018867924
10692857705.jpg, 12.014908182148105, 12.325962593494125, 58.01782989501953, 68.9678899082569
10693826785.jpg, 20.735809187850776, 7.1961231693780014, 40.809356689453125, 53.2757009345794
10694350076.jpg, 12.440847880069754, 6.842056125609179, 63.205928802490234, 73.1285714285714
10698962263.jpg, 22.634249510154376, 14.501659537352937, 27.53269386291504, 39.1106194690265
10705911926.jpg, 33.60442268236008, 11.48340754451937, 24.441675186157227, 70.7844036697248
10706770686.jpg, 14.209805595177244, 9.78851353833814, 31.274677276611328, 76.8519417475728
10713772814.jpg, 23.725042471660657, 13.938782307063844, 38.08610916137695, 62.3301886792453
10714662986.jpg, 10.71518121981498, 10.584833718897933, 60.49882888793945, 80.6551724137931
10715577856.jpg, 12.610384375668417, 12.87569396799469, 16.987621307373047, 45.2135922330097
10721124556.jpg, 19.560819083700352, 5.41923217538123, 38.32514572143555, 58.4579646017699
10723077086.jpg, 10.064470010137455, 8.046315304678231, 19.009477615356445, 71.8529411764706
10724461514.jpg, 42.4004576901535, 14.413404289046433, 51.6629638671875, 72.6631355932203
10724889206.jpg, 43.972132255400055, 13.39854130584924, 41.02557373046875, 63.5183486238532
10728525673.jpg, 39.25929296553008, 12.33970032074538, 29.508466720581055, 68.3026315789474
10730634575.jpg, 22.10992909340277, 12.010209390874124, 74.88720703125, 58.75
10732971054.jpg, 22.41258396127043, 17.998151424697276, 13.332810401916504, 51.1
10733259996.jpg, 44.03725935074462, 16.82392724605235, 33.85898971557617, 62.3197115384615
10737029565.jpg, 8.76573540003605, 10.41548226830672, 33.99783706665039, 63.0172413793103
10740242265.jpg, 9.689665874217411, 8.720190621715673, 19.068044662475586, 69.1192660550459
10740725955.jpg, 48.12230543970176, 8.3751801989369, 48.38132095336914, 77.1482300884956
10740727595.jpg, 21.351443934398702, 8.781231076180594, 34.746734619140625, 72.9125
10745415703.jpg, 50.774880029092486, 14.44544084025015, 19.797693252563477, 69.1388888888889
10745932825.jpg, 30.682411157131327, 11.507619301073774, 25.088956832885742, 64.8846153846154
10747724694.jpg, 3.833755100580987, 15.678713766463316, 62.01673126220703, 58.438679245283
107505789.jpg, 1.7965363240597014, 13.177755341134558, 64.62771606445312, 54.35
10751799554.jpg, 20.01805246983426, 8.073664869787718, 34.97920227050781, 71.9954128440367
1075190309.jpg, 43.92651551516164, 15.131218299710627, 52.0863037109375, 38.2697368421053
10762659033.jpg, 27.210320367354456, 10.078318947546391, 5.034099102020264, 42.25
10765812585.jpg, 28.999264360427645, 12.483632107031767, 8.123960494995117, 46.6448598130841
10767441335.jpg, 16.503263361599892, 14.200284645037367, 69.15428161621094, 74.2094594594595
10770026303.jpg, 3.1651720282665963, 9.73620660775753, 45.61185836791992, 72.0825892857143
10770700455.jpg, 8.985331301123296, 8.842319286970085, 34.2879524230957, 60.74375
10773126784.jpg, 2.8051412429873324, 12.847240226963683, 77.2995834350586, 78.475
10775358296.jpg, 37.16145900046624, 14.85781114887138, 12.008125305175781, 37.7754237288136
10776111906.jpg, -1.7125177609673585, 17.43596614476788, 27.584922790527344, 73.975
107799222.jpg, 6.619162345545277, 18.97599992276895, 43.555362701416016, 73.2727272727273
10783395635.jpg, 24.00553722536253, 14.578060214250034, 50.526580810546875, 71.9915966386555
10784159775.jpg, 25.641061735097963, 15.815816232798479, 60.48906707763672, 74.8849557522124
10786271105.jpg, 12.088817442108478, 12.136142919205454, 57.74692916870117, 67.775641025641
10787038944.jpg, 11.449821212086789, 11.591877051894446, 58.783294677734375, 60.4978813559322
10787258285.jpg, 42.057686343961876, 12.623950518199678, 39.05835723876953, 71.8940677966102
10790803694.jpg, 11.093783555186263, 11.503393147894128, 69.4342041015625, 73.8564189189189
10791502435.jpg, 17.895450225919916, 13.192950081059685, 30.264055252075195, 70.813025210084
10792125886.jpg, 7.7025403552263185, 16.27106873953591, 25.39942741394043, 71.2224409448819
10798439785.jpg, 2.4148132828805444, 11.334112713791376, 23.363996505737305, 60.025
10799367156.jpg, 18.779819890376046, 9.186699569470385, 53.35063171386719, 73.6
10799853136.jpg, 14.648805052418851, 12.730999997709366, 50.64055633544922, 69.6985981308411
10805317444.jpg, 12.016574295049935, 9.8984191226179, 49.47269821166992, 51.9380733944954
10806677866.jpg, 19.662073045114624, 13.757619311316537, 20.465089797973633, 60.9054054054054
10813730303.jpg, 34.060120116228944, 19.463746708394616, 32.71338653564453, 40.0817307692308
10814874265.jpg, -0.37535064130568685, 8.23330295008805, 28.132551193237305, 78.2075471698113
10819001424.jpg, 41.55651675317378, 30.47688867382693, 15.78568172454834, 20.7702702702703
10819132874.jpg, 12.125436918887516, 6.6418728551645625, 26.32809066772461, 75.7798165137615
10819329365.jpg, 19.578482210811984, 12.770415336569085, 28.059154510498047, 59.9911504424779
10827568885.jpg, 14.162416854479801, 12.213671507128458, 72.72422790527344, 77.4872881355932
10828147985.jpg, 39.38061013634203, 12.123711335727588, 48.15363311767578, 54.1184210526316
10828395135.jpg, 7.520146865159717, 17.120614702414155, 62.708778381347656, 74.0714285714286
10829329963.jpg, 17.911671987681842, 12.264862296069321, 32.02436065673828, 78.7967289719626
10836905604.jpg, 12.475560213784519, 16.220593862087778, 15.486807823181152, 75.9932432432432
10843403305.jpg, 15.241600131317085, 9.2211288318149, 19.34766387939453, 69.9299065420561
10847909336.jpg, 46.1599062485071, 14.12435109208988, -10.731937408447266, 24.114224137931
10849117054.jpg, 24.68080642764491, 14.828326822481408, 51.62968063354492, 56.8684210526316
10849700404.jpg, 28.932149477536626, 12.449117262076447, 24.25705909729004, 73.0065789473684
1084984228.jpg, 43.640322076684214, 12.36923738527045, 1.2488205432891846, 34.8319327731092
1085590803.jpg, 17.12164326389322, 11.460660362113481, 16.093130111694336, 24.0558035714286
10856434794.jpg, 13.56886078200634, 12.387951921048892, 10.311537742614746, 44.0375
10856757.jpg, 28.560756933461533, 17.397655222952263, 36.78672409057617, 32.2954545454545
10858952303.jpg, 52.13225788522752, 14.723079271498502, 32.90385055541992, 45.5647321428571
10861031374.jpg, 12.699271539477621, 10.134330917565187, 49.6832389831543, 64.675
10862487886.jpg, 8.789199748455502, 12.57738547756372, 33.48752212524414, 65.303738317757
10864812016.jpg, 6.8740139826309985, 12.980741293505494, 26.722747802734375, 56.8847826086957
10865798996.jpg, 11.196775838893899, 7.816640579269164, 47.661312103271484, 76.4722222222222
10866463396.jpg, 10.175233106975128, 12.971345966115654, 35.001258850097656, 69.1029411764706
10866561184.jpg, 9.960425523999419, 12.731362612476477, 38.65699768066406, 77.3304347826087
10868390853.jpg, 8.107729942731993, 12.655652456354176, 32.56754684448242, 75.3149606299213
10872249945.jpg, 14.397453327798274, 18.16155409961781, 42.29448699951172, 77.0434782608696
10875461386.jpg, 18.315660634331124, 12.916035640853746, 20.37714195251465, 55.3888888888889
10880314705.jpg, -6.4147141306952165, 8.984637140740267, 69.14764404296875, 77.4210526315789
10882856833.jpg, 1.9763938730955886, 15.729210337304195, 7.134586334228516, 62.0065789473684
10883456586.jpg, 59.53522931461302, 14.112617628274297, 8.418697357177734, 28.8793103448276
1089100444.jpg, 30.90828927979905, 13.50603823112094, 27.374576568603516, 64.6228813559322
10893404795.jpg, 9.389322339322774, 9.37063648637083, 8.688115119934082, 36.8761467889908
10895044423.jpg, 31.928200494430456, 13.182974824400484, 13.106518745422363, 32.4747899159664
10897840884.jpg, 10.606484552387286, 11.052847829815457, 33.93964385986328, 74.8305084745763
10898287705.jpg, 4.913315165334637, 11.745664537105059, 12.861416816711426, 44.2212389380531
10898689245.jpg, 6.889126885594777, 10.437256709311315, 49.009437561035156, 64.1794871794872
10899733355.jpg, 9.909942634983253, 9.105966861929206, 43.90074920654297, 73.9904580152672
10900020096.jpg, 7.232577733252782, 10.907142558529754, 6.355276107788086, 69.3783783783784
10905088155.jpg, 45.209708458257836, 14.230947054525902, 19.187246322631836, 63.7139830508475
10905114716.jpg, 44.827984229434236, 18.5098412330124, 22.47785758972168, 50.0695652173913
10906887886.jpg, 36.39022273375858, 14.31784737208956, 16.5845890045166, 43.1061320754717
1090979049.jpg, 35.5764710671767, 26.157080481210027, 27.248777389526367, 57.5304347826087
10910262455.jpg, 25.52134684299378, 10.510955464783313, 31.713838577270508, 42.1763392857143
10911046243.jpg, 21.715690655456427, 11.134513118912423, 51.43354034423828, 76.2339449541284
10911095273.jpg, 25.696078507283772, 15.924371901854839, 54.00647735595703, 71.3805309734513
10912602716.jpg, 36.07219873765527, 13.392692435249913, 39.37271499633789, 74.9510869565217
10915557435.jpg, 28.886476790618048, 11.898002885775107, 38.983333587646484, 39.1836283185841
10917741563.jpg, 17.954335404655666, 12.223914239620587, 35.16159439086914, 75.9439252336449
10921653346.jpg, 27.69267492406604, 10.015898736315746, 41.11212921142578, 79.6176470588235
10921880365.jpg, 8.28453246159242, 9.903539767394102, 55.14915084838867, 68.5065217391304
10923819485.jpg, 40.82377732906056, 12.24486304497382, 23.452770233154297, 40.8275862068966
10925112255.jpg, 33.030748348751416, 13.025216742269983, -2.553110122680664, 22.7924528301887
10927420963.jpg, 15.81811637723419, 10.205564261836779, 39.737266540527344, 64.9551282051282
109293948.jpg, 49.38305385827309, 11.947089584346521, 10.659192085266113, N/A
10931213005.jpg, 77.70516382208027, 13.462047342941924, 3.850656509399414, 47.0625
10932590295.jpg, 23.794863349072187, 17.974451642356332, 14.862987518310547, 38.4144736842105
10933722123.jpg, 21.98732985061892, 21.042387627888925, 14.95773696899414, 53.6890756302521
10936496124.jpg, 2.533164148137729, 9.999510860348895, 27.881258010864258, 59.1150442477876
10937404313.jpg, -1.030776526122537, 8.40676300172082, 36.1131706237793, 56.61875
10943636256.jpg, 7.448655500547687, 9.420881889044873, 14.07811450958252, N/A
109436362569.jpg, 28.001604558033677, 16.328983132998893, 16.264394760131836, N/A
10947519133.jpg, 13.486612730481824, 11.319298187165124, 56.733299255371094, 74.6092233009709
10948257133.jpg, 12.35397472984343, 13.044659670198815, 20.98606300354004, 42.0928571428571
10953973716.jpg, 31.985826151395003, 11.190030738799525, 43.54983901977539, 72.6486486486486
10961758274.jpg, 43.618682364191585, 12.07950449464968, 58.418033599853516, 75.1806722689076
10967023396.jpg, 37.6461930486623, 13.414363131806505, 53.71318054199219, 55.4797297297297
10968711744.jpg, 14.238555790603272, 10.478397190612394, 65.23214721679688, 78.3793103448276
10980930876.jpg, 11.875630958085793, 8.976942212170657, 37.885833740234375, 69.3571428571429
10981006796.jpg, 41.14651507726134, 32.19565842966238, 24.202011108398438, 17.7402912621359
109825878.jpg, 20.678214537155185, 14.750590352554324, 31.409494400024414, 37.23125
10983119996.jpg, 18.145866596178365, 10.905235407367957, 18.46242332458496, 57.5389908256881
10990397626.jpg, 23.485557369175098, 19.998314039668745, 24.362443923950195, 35.71875
10990887046.jpg, 9.697016660169282, 18.423718965168643, 43.02029800415039, 58.0765306122449
11004139923.jpg, 155.845, 24.723565957288802, 52.63661193847656, 68.2411504424779
11005410885.jpg, 30.85007476954806, 13.22523657168413, 60.91413879394531, 55.4915966386555
11006895124.jpg, 8.430228746232473, 15.33202308429046, 52.313106536865234, 66.2567567567568
1100873520.jpg, 46.634052295308805, 13.711594180241578, 40.128658294677734, 51.5221238938053
11009340314.jpg, 53.963274457986216, 15.466753171589149, 27.713430404663086, 63.0277777777778
11010062705.jpg, 2.3960595044987656, 15.06843653182779, 67.71458435058594, 67.6689189189189
11013892854.jpg, 48.56471993275167, 16.118483974950987, 35.52522659301758, 27.4978813559322
11016309165.jpg, 11.755023941760413, 19.940186123998693, 27.688501358032227, 62.6891891891892
11016485883.jpg, 29.226131860858317, 9.672458270685688, 47.58736038208008, 68.1785714285714
11018079835.jpg, 29.34153613577027, 12.081216896958754, 50.28388214111328, 76.6602564102564
1101948952.jpg, -6.875801937368948, 10.85601553502497, 45.069766998291016, 75.1743119266055
11021514993.jpg, 17.24534821870347, 15.588855936759375, 49.636234283447266, 67.7432432432432
11021929275.jpg, 9.50828523637935, 10.822329448839733, 42.62042999267578, 72.175
11023346856.jpg, 7.8753445299824705, 13.28517442011759, 26.01177978515625, 62.1513157894737
11031973684.jpg, 12.751561669973256, 10.77496760268988, 47.013397216796875, 71.4745762711864
11033459414.jpg, 36.979816303658, 9.876976335549122, 73.70777893066406, 63.5565217391304
110356262.jpg, 26.07886723960152, 13.90916819718145, 18.880352020263672, 35.925
11035760784.jpg, -0.02651259972881803, 8.759484631465222, 42.691158294677734, 66.1160714285714
1103755154.jpg, 19.358690592078204, 7.503308186200096, 58.591827392578125, 73.0641025641026
11051034136.jpg, 21.191499275384416, 12.154192111202653, 57.028499603271484, 65.531779661017
11051374673.jpg, 22.91732191266007, 19.4234620393302, 44.97524642944336, 62.6148648648649
11051749575.jpg, 27.42366779147605, 18.19025815159061, 43.2635612487793, 62.125
11054039594.jpg, 13.517203676621051, 17.203417667393808, 21.804624557495117, 42.7352941176471
11054638863.jpg, 10.860709011687021, 10.844211504396498, 25.869792938232422, 61.0070754716981
11054899145.jpg, 11.650730681579233, 14.93234451113423, 89.45059967041016, 74.0512820512821
11054955216.jpg, 19.185495829810833, 12.17287392710251, 26.47073745727539, 36.75
11058112996.jpg, 36.40547085648515, 14.60856398360219, 37.21168899536133, 33.5540540540541
11060185873.jpg, 40.01486710402898, 9.021465889694317, 28.228452682495117, 63.0148305084746
11061633946.jpg, 21.781190712899814, 11.51660582090517, 7.685117721557617, 35.7837837837838
11062902804.jpg, 17.01330079260694, 10.965780271711937, 62.467918395996094, 69.9117647058823
11063650646.jpg, 8.78681861877871, 13.432991592410506, 39.081443786621094, 61.045652173913
11068654734.jpg, 99.85403653738459, 12.095247145099174, 24.396045684814453, 68.0694444444444
11071132393.jpg, -2.9808241202587453, 7.399702831462075, 46.67200469970703, 72.0089285714286
11078122366.jpg, 26.741519258018315, 15.294948613671764, 33.96167755126953, 69.972972972973
11079282234.jpg, 23.695227927060017, 11.364560966720264, 23.602081298828125, 76.3617021276596
11081975613.jpg, 4.671603805560238, 11.555799559705891, 42.21734619140625, 68.0023364485981
11087687983.jpg, 7.534622082364166, 12.096311760043372, 55.608245849609375, 76.0889830508475
11089447095.jpg, 30.6534204586886, 24.422696338181865, 27.762117385864258, 66.1824324324324
11095381506.jpg, 14.598234691410283, 11.900666872593494, 43.646263122558594, 76.75
11097661494.jpg, 3.9097464490862137, 10.632625038612229, 76.74584197998047, 72.7171052631579
11098121724.jpg, 6.363085045918723, 7.2317035694773635, 57.430110931396484, 72.6410256410256
11109548195.jpg, 25.27106123620021, 17.800803831640028, 22.418498992919922, 61.5231092436975
11111585533.jpg, 17.07720843588558, 11.74285845744065, 85.52722930908203, 83.8495762711864
11118140253.jpg, 53.56722146267563, 14.364990099280716, 38.75376510620117, 72.8235294117647
11124139926.jpg, 10.219802903712974, 13.35409927158728, 36.015480041503906, 47.2146017699115
11126091314.jpg, 13.458895051176654, 15.26146568656558, 44.976043701171875, 42.5472972972973
11126232436.jpg, 17.48116350726454, 18.175902778450915, 22.771163940429688, 52.2094594594595
11126652126.jpg, 24.765625628372476, 14.391490300462975, 19.206893920898438, 56.6485849056604
11139368236.jpg, 19.48272149852434, 10.945942394431214, 20.62914276123047, 70.525641025641
11139580153.jpg, 8.569875405457964, 11.15636884958636, 48.55369567871094, 45.325
11141708043.jpg, -7.129168433951605, 8.712754660682206, 36.79768371582031, 66.9228971962617
11143825565.jpg, 18.697695888937773, 12.638039876711332, 70.34784698486328, 62.3550420168067
11148529964.jpg, 12.919422139293005, 9.770936933471289, 69.68502807617188, 58.2
11149566996.jpg, 49.086860210116214, 13.608588302794614, 20.910600662231445, 47.3974358974359
11150131936.jpg, 24.367582650248295, 22.04544514977676, 42.547691345214844, 63.9158878504673
11153943035.jpg, 32.208254242360766, 11.81897409900602, 51.35013961791992, 60.2777777777778
11155257336.jpg, 85.73633408250905, 16.620988020349255, 20.03903579711914, 58.2873831775701
11156365526.jpg, 26.76177092469888, 12.331847912370439, 19.891109466552734, 47.5882352941176
11158314215.jpg, 9.588085669896117, 12.476289262271747, 52.64996337890625, 46.3349514563107
11159983896.jpg, 0.7041122395027912, 7.138897725320906, 63.97523880004883, 71.0878378378378
11163249414.jpg, 41.55476530933126, 9.135028582530637, 13.478163719177246, 67.9611650485437
11165746213.jpg, 7.674279137440152, 8.841916780428384, 52.37566375732422, 64.3482142857143
11169904264.jpg, 25.58575337566421, 16.068278721614227, 49.40220642089844, 68.546875
11170758174.jpg, 41.12758280836769, 11.748265449142583, 48.80970001220703, 60.283185840708
11170786154.jpg, 51.15824269512572, 11.208965958004633, 35.478431701660156, 67.6932773109244
11172371243.jpg, 64.60436247499203, 15.696988754417431, 22.345863342285156, 75.8785714285714
11175382195.jpg, 32.70955390163019, 13.522594662419557, 61.34295654296875, 49.4423076923077
11175538013.jpg, 24.22125691622577, 14.11917473840952, 32.57992935180664, 73.6438053097345
1117582514.jpg, 26.88422050093024, 17.125344625166335, 24.997093200683594, N/A
11183022383.jpg, 49.93876578635863, 13.489698010443487, 23.852970123291016, 43.0675675675676
11201160185.jpg, 2.2443231138049384, 11.238799071404454, 18.384475708007812, 62.3197115384615
11208321473.jpg, 4.121350100843273, 15.717458470237844, 72.51605224609375, 72.8470873786408
11209059333.jpg, 29.6687222016063, 12.164355572013088, 12.468791007995605, 60.125
11209188974.jpg, 22.737783487890482, 12.52453739284755, 25.666566848754883, 66.9269911504425
11209221046.jpg, 7.76906341365131, 10.741567626928362, 20.288166046142578, 58.75
11209649786.jpg, 17.488996362171036, 14.979544768693534, 54.979957580566406, 69.475
11215941184.jpg, 17.11394899574313, 8.752728690929793, 53.647762298583984, 73.4077669902913
11216436636.jpg, 12.23995854523875, 10.744191107588314, 53.66341781616211, 74.0921052631579
11218793016.jpg, 37.44896497846443, 12.7627520000005, 14.356620788574219, 60.9173728813559
11219420725.jpg, 20.867682695848742, 9.213150339922468, 47.8973503112793, 72.8928571428571
11221904805.jpg, 4.733175081487133, 10.085925078586522, 74.19632720947266, 78.1297169811321
11226958966.jpg, 21.599966018174968, 10.728572277575708, 105.87565612792969, 72.954347826087
11229777185.jpg, 20.72359009629983, 17.34697740837458, 36.70503234863281, 66.0747663551402
11232665444.jpg, 38.846976937431776, 14.36676587779391, 17.673532485961914, 32.2668067226891
11239106136.jpg, 29.19878020609937, 13.900032993126269, 22.274404525756836, 56.4172413793103
11241096796.jpg, 14.577293957684873, 10.44971122580372, 53.46076965332031, 69.95625
11242015725.jpg, 15.681420873056794, 13.036259754939048, 55.335941314697266, 63.7152777777778
11245083256.jpg, 6.285873219211311, 14.306963323729965, 30.782302856445312, 61.775
11245781693.jpg, 8.662132895999406, 9.533191087174163, 44.24607849121094, 67.515625
11250215644.jpg, 15.134760785939278, 14.095704192896484, 85.16019439697266, 69.6776315789474
11251138933.jpg, 22.120333415026238, 12.658914727832435, 60.61145782470703, 69.2239130434783
11252383376.jpg, -2.7287729546760886, 13.548404403045243, 72.64930725097656, 70.1032110091743
11252644224.jpg, 21.422071179480184, 17.87366701327235, 39.49112319946289, 64.5872641509434
11253432804.jpg, 43.2020533827143, 14.153167382372889, 68.54885864257812, 61.2027027027027
11256485296.jpg, 37.57338814723968, 12.325599617203324, 35.284847259521484, 61.9044117647059
11256776836.jpg, 32.210803294528176, 14.797519548848857, 41.18952178955078, 69.578125
11260247205.jpg, 15.827317884656367, 11.234831952868436, 34.39915084838867, 74.7389380530973
11260270773.jpg, 12.159696299147612, 12.11539846760689, 62.118431091308594, 72.3513513513514
11260385706.jpg, 16.800334708101076, 8.974061590978298, 48.42375946044922, 72.7115384615385
11262156493.jpg, 3.99547877348445, 7.692121511788845, 71.55563354492188, 79.9271653543307
11264048414.jpg, 12.005090828797364, 19.287668770181092, 27.497116088867188, 20.8717391304348
11268202995.jpg, 56.925406621609085, 13.826503801014498, 15.283806800842285, 41.734375
11269474243.jpg, 21.5962945481227, 7.1470358143269035, 36.126861572265625, 74.0608108108108
11269626135.jpg, 3.1797726576806724, 9.708598536427708, 120.34146881103516, 80.304054054054
11270256213.jpg, 4.763063587599589, 9.652884494232307, 60.25020980834961, 66.3370535714286
11270280904.jpg, 43.68786561239901, 14.06627514399063, 25.41899299621582, 31.7702702702703
11273127766.jpg, 63.72508411888893, 11.389458112617792, 44.5753059387207, 79.5575221238938
11273190884.jpg, -1.9434333114545836, 11.078818889442683, 84.73918914794922, 74.823275862069
11275584366.jpg, 24.610214814049726, 12.170617322206006, 34.161441802978516, 47.4336283185841
1127644406.jpg, 13.234211372484282, 17.115523798300746, 17.673603057861328, N/A
11287273183.jpg, 18.91034778565742, 8.082519149606833, 39.71470260620117, 76.6973684210526
11288559554.jpg, -16.66364046552215, 12.439928422882746, 22.023408889770508, 62.4509345794393
11291450085.jpg, 7.350342870840535, 13.98234087315203, 56.07573699951172, 56.7394957983193
11292980633.jpg, -6.393594275487914, 11.309041938773642, 53.16712188720703, 71.125
11293176185.jpg, 42.57140591004108, 13.258505078864431, 9.0148344039917, 61.3
11293946974.jpg, 10.126680364880798, 10.746498399455238, 59.147560119628906, 75.9800884955752
11294894953.jpg, 31.621233418334526, 10.827766539625525, 31.437788009643555, 58.6101694915254
11295475784.jpg, 20.349529482737893, 11.552167328022064, 71.48310089111328, 49.4144736842105
11297504114.jpg, 38.09252393977394, 8.450610273161805, 21.117244720458984, 54.8899082568807
11297570034.jpg, 38.97050921036677, 7.3507502116025645, 8.174971580505371, 56.5260869565217
11301386435.jpg, -14.172081841221967, 9.28346563347728, 46.72145462036133, 76.1512605042017
11302087114.jpg, 44.0065076170267, 10.475647616978476, 30.4804630279541, 65.5441176470588
1130601148.jpg, 3.9340624495067402, 9.954956609184833, 67.29792022705078, 72.3804347826087
11307198154.jpg, 17.40126343003746, 8.397650560266781, 17.376821517944336, 80.8
11310848503.jpg, -6.662493930534453, 9.701426591072352, 34.21675109863281, 70.146186440678
11316105544.jpg, 25.912186112609533, 9.855270624812254, 49.05973815917969, 77.8625
11320098306.jpg, 30.525001698298496, 10.250590519853302, 54.37318801879883, 51.2236842105263
11321228905.jpg, 22.254703247430115, 7.523973322853516, 45.44715881347656, 77.0337837837838
11324704676.jpg, 28.223754405671883, 14.032201915445624, 7.9374823570251465, 50.9230769230769
11325081573.jpg, -3.013242784110531, 11.856063472911448, 24.05535316467285, 50.0285714285714
11327123904.jpg, 13.882356682889707, 7.7728999006347195, 52.79328536987305, 74.8715596330275
11333447674.jpg, 16.444788308188294, 14.327079067704892, 56.90190505981445, 76.9978813559322
11333611705.jpg, 17.70573025508233, 10.993464842218277, 40.90007781982422, 63.3495575221239
11333782783.jpg, 21.87003968171618, 6.6375781340986295, 48.472206115722656, 70.358407079646
11335231214.jpg, 18.89619347346681, 9.10263580413895, 83.30979919433594, 68.960396039604
11338371864.jpg, 6.408708894602427, 9.899418941510511, 37.842430114746094, 68.8245192307692
11339056674.jpg, 17.79809500215228, 18.779879670013667, 67.49323272705078, 67.1633663366337
11341117543.jpg, 10.14721938840168, 14.459920419644261, 27.81072425842285, 61.6850961538462
11346267905.jpg, -7.562979020924132, 11.80541324459442, 19.25870132446289, 72.8701923076923
11347140483.jpg, 23.726056105013498, 16.190840329904265, 33.67952346801758, 53.6890756302521
11353895754.jpg, -6.660582724704597, 10.63174727710496, 39.15503692626953, 72.9741379310345
11356760053.jpg, 25.240310310969306, 14.70065638333883, 42.75669479370117, 73.3577981651376
113663782.jpg, 22.25470866451562, 12.806068642776836, 34.65922546386719, 67.55
11369797883.jpg, 0.20059833556271656, 9.872022000891809, 45.80591583251953, 74.0277777777778
113701797.jpg, 20.413816524327757, 18.1167282326811, 43.666282653808594, 48.09375
11370407443.jpg, 45.303677548124455, 15.506360355552138, 7.881659030914307, 47.3434782608696
11372421485.jpg, 29.952593362640386, 20.183345052502403, 39.398101806640625, 65.6858407079646
11378848184.jpg, 8.795486942402675, 10.200164947109162, 23.573299407958984, 64.1334745762712
11381486584.jpg, 26.373461242432626, 13.997638466680119, 29.18236541748047, 51.94375
11382799454.jpg, 0.6125291178293253, 7.5115035626519475, 35.29756164550781, 72.0711009174312
11389102005.jpg, 26.12873847305238, 16.422393240110594, 15.181107521057129, 60.2920560747664
11389330254.jpg, 27.62029507858037, 9.435464876641584, 38.28041076660156, 64.0535714285714
11393787465.jpg, 25.770478533199338, 16.651470123149018, 26.104585647583008, 21.5849514563107
11396447303.jpg, 2.5685160528294944, 6.550561091736722, 51.25994110107422, 48.010775862069
11399456186.jpg, 7.987230689222059, 10.443512533576408, 55.506858825683594, 63.2765486725664
11404463006.jpg, 14.783369104563548, 16.25118359387851, 57.885040283203125, 54.1504424778761
11406584295.jpg, 12.353691974458997, 16.997976637006076, 26.60077667236328, 55.3310810810811
11407368256.jpg, 16.67432273697338, 16.649342129183612, 35.78578186035156, 72.2884615384615
11407704456.jpg, 13.610264296681606, 13.244642819255422, 32.37335968017578, 72.1836283185841
11407835876.jpg, 22.85413988023069, 15.772604751652175, 39.502925872802734, 61.1071428571429
11407862453.jpg, 18.147764783846554, 16.696790342727187, 24.04370880126953, 70.6504424778761
11408091114.jpg, 22.63565507588939, 14.99341108094495, 24.977956771850586, 68.2411504424779
11408307524.jpg, 22.149065728862155, 11.681524960398868, 3.241032600402832, 66.4260869565217
11408357925.jpg, 26.321083140390186, 13.333936712018485, 12.701658248901367, 58.1906779661017
11408443745.jpg, 23.64783163294655, 12.856617017001865, 5.907535076141357, 63.475
11410644126.jpg, 34.17938799906287, 17.46464988456843, 42.077919006347656, 63.6282608695652
11410690075.jpg, 39.86552470179319, 14.24482604421035, 47.51947021484375, 71.3584905660377
11414474354.jpg, 51.620437641637835, 13.268918061369964, 5.543244361877441, 18.5514705882353
11414784395.jpg, 42.1784675572944, 14.105591213937638, 1.2787599563598633, 70.9387096774194
11416241303.jpg, 15.659063214413862, 15.49280134094592, 34.72187805175781, 68.3512931034483
11419816946.jpg, 11.631649860348688, 7.441015698483805, 46.4997673034668, 76.14375
11424871693.jpg, 63.0377870967188, 10.295209628386976, 32.17403030395508, 37.813025210084
11426976205.jpg, 27.506950742185126, 7.809004532443879, 16.081466674804688, 35.1885593220339
11432746805.jpg, 7.962772117765525, 19.6741542744629, 42.295658111572266, 65.55625
11433127464.jpg, 4.146630081854795, 12.803782010683237, 44.69683074951172, 54.109375
11433593823.jpg, 16.02331261019262, 11.717014316838084, 46.83506393432617, 62.9486607142857
11436378704.jpg, 12.746659450427813, 6.7668667783476915, 33.80093765258789, 79.3397435897436
11436390143.jpg, 11.541642592773059, 11.668892105590901, 59.878482818603516, 72.4481132075472
11436508006.jpg, 6.633723856738101, 7.6516182104599215, 72.54153442382812, 65.14375
11437542656.jpg, 20.294922708365192, 14.438048396801998, 17.28632164001465, 57.6041666666667
11438612393.jpg, 35.15621577340798, 14.136098069173787, 3.914219856262207, 31.9953271028037
11439591215.jpg, 25.54889690079878, 13.072481014428837, 22.01628303527832, 31.1736111111111
11446005074.jpg, 6.886684821345142, 9.584562648320993, 31.645519256591797, 77.468487394958
11452299875.jpg, 36.87215467120765, 10.82677225019878, 52.04670715332031, 74.4608695652174
11453100924.jpg, 7.4906443896718145, 12.419309612813239, 85.49626922607422, 79.0254237288136
11456199025.jpg, 31.627325833379103, 12.698516743140717, 35.568668365478516, 34.5448113207547
11457744603.jpg, 0.15958240451740835, 11.798147078973757, 18.622695922851562, N/A
114577446033.jpg, 20.98693184645171, 19.18968063080902, 17.250802993774414, N/A
11459826225.jpg, 14.222435073760465, 14.57027292448471, 59.32320785522461, 62.875
11460414725.jpg, 19.04264144870953, 12.400818337727186, -9.218592643737793, 71.95
11461273913.jpg, 7.884240416514416, 9.071807433811147, 57.87989807128906, 70.7754237288136
11474376103.jpg, 36.857285802618975, 11.276304565290943, 18.50261116027832, 53.25
11476172786.jpg, 30.621538723551083, 8.760424556955172, 47.021484375, 72.625
11477250346.jpg, 13.015448739671882, 13.554877011916481, 41.61845397949219, 77.0022123893805
11484412296.jpg, 1.46048334533279, 8.879870822797859, 50.78660583496094, 63.2641509433962
11490304024.jpg, 46.808186208848355, 11.42730320075524, 30.500308990478516, 54.6973684210526
11495616074.jpg, 25.974514992567805, 17.09216974157361, 2.530351400375366, 37.8303571428571
11498400544.jpg, 17.72242956051511, 15.151848842030736, 25.93753433227539, 50.6695205479452
11499073263.jpg, 35.02819243351345, 12.918118591279903, 13.766615867614746, 30.21875
11501016504.jpg, 37.278010491721574, 12.658091326913615, 17.410720825195312, 55.4073275862069
11501322724.jpg, 10.488384702373736, 14.015376349880661, 64.25534057617188, 73.39375
11503076944.jpg, 16.47083815363166, 8.79470988659012, 68.70492553710938, 79.0464601769911
11504259765.jpg, 48.36273179360134, 16.420915503314692, 8.904377937316895, 43.5022321428571
11504601393.jpg, 32.917784015548335, 16.26160525903109, 40.31385803222656, 52.3177966101695
11506037556.jpg, 35.92176185235493, 12.153583534704259, 19.167709350585938, 54.2555970149254
11509515706.jpg, 49.72341749667643, 15.894159225317832, 12.572171211242676, 35.7522123893805
11511265293.jpg, 26.917820859438933, 7.274194703071834, 47.683284759521484, 24.2767857142857
11514342335.jpg, 10.130598735079246, 13.199859306191223, 51.564109802246094, 71.9646017699115
11515148456.jpg, 11.60061292814757, 8.394475075340734, 48.78632736206055, 64.4316037735849
11518631385.jpg, 5.683481286699447, 10.126795453493473, 9.848544120788574, 32.2668067226891
11519797605.jpg, -3.1121531919675647, 15.311724382791756, 67.9091567993164, 72.9125
11520125355.jpg, 2.86730859942233, 7.090635636314161, 84.48423767089844, 65.7477678571429
11521791886.jpg, 33.828375406024605, 16.837626910607412, 26.43341064453125, 51.3839285714286
11522920033.jpg, 20.088151040809265, 10.338340032992082, 25.353702545166016, 57.3275862068966
11522984926.jpg, 40.540300294349635, 14.718806311180684, 44.68413543701172, 44.3826530612245
11523093675.jpg, 49.704255787106916, 10.015629299310104, 39.82060623168945, 73.0978260869565
1152554814.jpg, 36.93078934897605, 13.882067228767873, 27.582502365112305, 39.0147058823529
11527524903.jpg, 28.002974264554467, 12.70753741979773, 23.56668472290039, 33.697247706422
115290990.jpg, 57.06976979821454, 16.03280946354905, 20.53056526184082, 42.9432773109244
11529156723.jpg, 28.34154870151869, 12.925347411905062, 66.72034454345703, 69.6517857142857
11533404563.jpg, 33.222748099429936, 16.47996920779284, 54.06998062133789, 65.466814159292
11535275706.jpg, 12.029818189036263, 16.215743601104705, 11.483729362487793, 74.95
11541375264.jpg, 37.089242726526976, 15.101037213919868, 40.26532745361328, 50.3513513513514
1154145143.jpg, 3.230203794168773, 10.994576679260131, 33.796287536621094, N/A
11546100824.jpg, 12.573519051359511, 11.52794241562706, 14.4793119430542, 70.7087155963303
11548683805.jpg, 28.34179356006095, 14.608293437155387, 10.898529052734375, 42.3910256410256
1154962046.jpg, 41.58063729337513, 13.376513339480486, 3.4820754528045654, 15.8361344537815
11551017545.jpg, 6.863620164696698, 12.48037172926194, 55.40235137939453, 64.027027027027
11554709013.jpg, 13.189157157674657, 12.922827144721833, 39.793357849121094, 68.7733644859813
11555549865.jpg, 25.670062356715306, 17.28782805632624, 16.108287811279297, 60.9402654867257
11559530473.jpg, 12.947647978648064, 8.890570785425824, 39.51637268066406, 57.925
1159028861.jpg, 12.750816516327149, 18.40298117531447, 82.19682312011719, 72.9125
1166073016.jpg, 42.79958180025889, 10.56081502108363, -2.815725326538086, N/A
11706252.jpg, 38.31163618593618, 16.898428772378374, 31.814435958862305, 32.2521186440678
117172917.jpg, 51.5394915339584, 11.429484947695139, 43.68459701538086, 62.9789915966387
1172858625.jpg, 23.602729427292587, 12.742660660880464, 30.709064483642578, 69.3157894736842
1194894463.jpg, 4.840605882566905, 13.579047332507766, 44.71162033081055, 67.490099009901
1195689121.jpg, 29.657609187437373, 16.71963389255493, 16.795373916625977, 32.1347826086957
1202598832.jpg, 41.93723365332286, 14.556275378912071, 20.246484756469727, 63.0677570093458
120328351.jpg, 20.69285812157588, 22.097720256353455, 31.20947265625, 39.225
120459577.jpg, 29.09918102576202, 11.781270914387745, 50.18444061279297, 51.4012605042017
120983206.jpg, 17.867641971957, 12.070904520162394, 26.145153045654297, 63.0125
121123359.jpg, 53.14236199750141, 9.26428659816295, 40.86369705200195, 88.24375
12223016903.jpg, 8.04180180507828, 12.80147264450239, 20.63027572631836, N/A
122230169039.jpg, 10.082297515706927, 11.158564421393795, 37.64681625366211, N/A
122346209.jpg, 29.15093851953324, 14.534806484194593, -5.303979873657227, 34.20625
122553631.jpg, 21.068529774166194, 15.983560932756271, 57.17005920410156, 37.85
122760647.jpg, -2.830058613804937, 9.419424172647114, 76.42740631103516, 50.9125
123242995.jpg, 22.950786542841314, 15.48809890486458, 48.107322692871094, 60.968487394958
1240561841.jpg, 7.476281320472225, 10.807263477886057, 46.71581268310547, 74.5508474576271
1241002913.jpg, 15.787502417233412, 14.79215754767299, 61.97743606567383, 54.0902777777778
1249337589.jpg, 31.16491989163407, 23.29715077903407, 58.15565872192383, 72.3086956521739
1252305847.jpg, 18.508214114739275, 13.549453182678981, 11.851503372192383, N/A
1252945239.jpg, 53.71490574492995, 14.977728838373197, 22.65924835205078, 15.6584821428571
125792926.jpg, 16.201353112310557, 22.19491963118655, 7.147656440734863, N/A
1258043245.jpg, 25.490907590300225, 9.282438010875161, 36.91471862792969, N/A
125829275.jpg, 32.98343492871558, 16.230619056259307, 30.925506591796875, 34.1386554621849
1262002118.jpg, 31.59130974522904, 12.902763456407232, 25.41638946533203, N/A
12624585124.jpg, 9.19035661573136, 9.964242771965143, 36.97765350341797, N/A
126245851242.jpg, 21.62673692837606, 10.10941294851445, 27.75403594970703, N/A
1266777709.jpg, 21.402934727740643, 9.344158625521166, 50.56868362426758, 64.1442307692308
1275089910.jpg, 5.497730494006845, 7.756283063914918, 77.85758972167969, N/A
127977276.jpg, 18.86307943577853, 11.682644705018692, 17.31256675720215, 80.1029411764706
128079586.jpg, 15.586092316945127, 9.396770288907739, 45.64723205566406, 57.640756302521
128293583.jpg, -6.0683406398975706, 8.134317070197016, 82.67121124267578, 72.4075630252101
1286765019.jpg, 22.426298863351775, 15.344567365338301, 65.82310485839844, 71.551724137931
128715765.jpg, 21.316893650227, 18.11080671269125, 68.32010650634766, 56.9772727272727
128781220.jpg, 87.82836021693035, 16.814166812981693, 26.424612045288086, 59.7205882352941
1288155068.jpg, 12.192438687741031, 15.184619081172745, 34.54414749145508, 61.19921875
1289162225.jpg, 12.446165824038275, 7.662240625965145, 48.10027313232422, 62.1470588235294
129023751.jpg, 16.743432091611766, 12.664871408145077, 57.958274841308594, 77.6764705882353
1292518332.jpg, 38.91108744467746, 11.614374548471327, 30.194427490234375, 65.7086956521739
12949713.jpg, 22.60734771456586, 12.733932983929025, 71.79065704345703, 84.9102564102564
1295925783.jpg, 22.311615886802286, 18.188176222185735, 26.2403621673584, 30.8040540540541
1296759644.jpg, 19.508484089307643, 19.38625664170107, 58.85227584838867, 32.1320754716981
1296775174.jpg, 37.891224538084174, 15.972902054595208, 40.025108337402344, 37.4245283018868
1297819816.jpg, 20.596469369302525, 12.57354477707412, 62.93177795410156, 74.2794117647059
1302738127.jpg, 15.513078112300121, 7.032825218311214, 63.428321838378906, 75.8141025641026
1306121832.jpg, 24.590046304296806, 15.068891187904985, 12.233809471130371, 30.1305309734513
1306193020.jpg, 57.24773698693102, 20.12515657391872, 17.679384231567383, 33.573275862069
13086788855.jpg, 3.9341821091466898, 7.641803982414768, 40.922943115234375, N/A
130867888559.jpg, 4.96283789933338, 9.542334920419293, 68.02531433105469, N/A
131182190.jpg, 20.1032830418861, 16.77729854480769, 34.37971115112305, N/A
1312413141.jpg, 20.22379860032899, 22.542387716884093, 16.45804786682129, 19.4151785714286
1313706108.jpg, 40.55306714160926, 12.137012826939383, 20.549945831298828, 34.4159663865546
1314838096.jpg, 22.87702880896117, 12.271168890826646, 45.71589279174805, 64.1756756756757
1315889745.jpg, 32.300914800336244, 13.922308231411254, 17.44489288330078, 27.7567567567568
1316239068.jpg, 50.505649580506855, 10.343087519015716, 9.932807922363281, 61.6165254237288
1317678723.jpg, 16.274115786120632, 17.107414765933285, 18.758392333984375, 38.9197247706422
132921013.jpg, 40.37307594842454, 11.519432846802015, 30.865264892578125, 72.5909090909091
1329449674.jpg, 24.28443652323878, 13.998730459804625, 44.91548538208008, 44.6592920353982
1329713028.jpg, 17.090223991557394, 15.762246255887225, 46.37424850463867, 52.7632743362832
1331642031.jpg, -7.435241829529815, 13.870651159194399, 37.13015365600586, 54.2905405405405
1332211559.jpg, 33.59681909092464, 23.467275454799463, -2.5735654830932617, 22.6106194690265
13325497.jpg, 9.909900298691099, 9.357526824250693, 51.402244567871094, 60.2307692307692
133829142.jpg, 34.21090227199838, 16.032706925346794, 8.2444429397583, 23.4125
1341717001.jpg, 22.592863888678124, 13.91369996565842, 53.894168853759766, N/A
134343714.jpg, 1.2350428015913337, 16.07808672283622, 30.03865623474121, 40.031512605042
1348094685.jpg, -2.767945049959991, 10.568989479673354, 83.1968765258789, 72.3834745762712
1348788122.jpg, 16.263707202443555, 10.176705566157315, 13.696083068847656, 49.6
1351464251.jpg, 37.30198291035683, 10.628559732494955, 27.190017700195312, 68.8504672897196
1351917139.jpg, 35.9224175251031, 17.032080023188403, 24.91584587097168, 61.0258620689655
1352428885.jpg, 2.7876868009334146, 11.68001213824502, 40.67263412475586, 51.5794392523364
135352055.jpg, 33.00566218852825, 12.377681368518159, 8.940899848937988, 15.8361344537815
135403304.jpg, 41.168117300134185, 11.78568434927297, 14.885452270507812, 25.0567226890756
1357295757.jpg, 33.95632591233519, 6.571380817328771, 35.2957878112793, 70.8181818181818
1360063696.jpg, 18.900604388835262, 9.806900454751267, 17.672914505004883, 70.4816513761468
1360663704.jpg, 21.798885811688905, 7.863051271577558, 34.578819274902344, 77.224358974359
1362231035.jpg, -2.668441528391128, 9.665349107694679, 46.14898681640625, 72.6766055045872
136287514.jpg, 22.939208457890658, 21.86036873774549, 35.722450256347656, 22.79375
1367218588.jpg, 28.10006362957651, 10.748430702187015, 21.860599517822266, 29.3156779661017
1368120580.jpg, 29.01853004426036, 8.37515619118751, 31.435762405395508, 78.6059322033898
136948336.jpg, 5.943740282193147, 9.788728365351938, 53.82783889770508, 78.9625
13695832255.jpg, 13.952905592390238, 13.030377613227273, 54.09291076660156, N/A
136958322558.jpg, 26.44240996315054, 12.79511699060763, 47.299964904785156, N/A
1375320148.jpg, 47.67462966881098, 10.985563863856678, 45.93157958984375, 55.15
137731604.jpg, 104.23264301611582, 20.814082887668754, 12.514369010925293, 21.5903361344538
137841242.jpg, 30.78884147690914, 7.506525514118893, 89.73746490478516, 70.7125
138058796.jpg, 30.80622712481258, 13.362194651492652, 16.550710678100586, N/A
138750201.jpg, 11.92406602488856, 7.427098425240879, 64.63409423828125, 56.34375
1387568510.jpg, 30.325340376855564, 33.594012524459174, 20.64815902709961, 27.8310810810811
1392405539.jpg, 28.349006881247277, 11.316894910314492, 25.190889358520508, 60.752427184466
139253033.jpg, 40.30711082566265, 12.895945941344538, -3.169316053390503, 30.90625
139463188.jpg, 14.46379894906292, 18.837933168663227, 14.22266674041748, N/A
1396109073.jpg, 24.958382364595508, 7.814620970752296, 25.236316680908203, 63.4343220338983
139611767.jpg, 23.3199389502889, 18.062456937477435, 1.2672860622406006, 17.6386554621849
1396758393.jpg, 59.6243667989813, 10.006147409057862, 24.657222747802734, 54.25
139999071.jpg, 3.344236504253189, 11.443031264011486, 27.829254150390625, 25.68125
1402675396.jpg, 29.482704166020397, 13.194787458616338, 39.47365188598633, 29.9102564102564
1404458044.jpg, 14.848651197210842, 11.561077331049662, 24.969039916992188, 42.0957943925234
1408118135.jpg, 25.0368763964278, 14.150857368906049, 37.356773376464844, 44.5132743362832
1408827056.jpg, 48.43384964107335, 17.27607346522944, 30.901695251464844, 30.6852678571429
14092652.jpg, 62.49820244818895, 25.789044356867475, 23.743024826049805, 69.0275423728814
1410303503.jpg, 17.4965801787599, 23.888341925238787, 32.473873138427734, 68.9888392857143
141087919.jpg, 7.462266009740887, 9.454721437746361, 47.534183502197266, 79.5483193277311
1413089132.jpg, 12.186995566867807, 21.62361191050412, 33.46610641479492, 40.5405405405405
141683460.jpg, 40.790339399622525, 11.83740944228214, 33.044864654541016, 68.594537815126
1418012844.jpg, 70.95796249881275, 14.154636604327218, -2.5995445251464844, 21.4116379310345
1418015310.jpg, 14.498460310739773, 14.299990459977266, 36.45851516723633, N/A
142117255.jpg, 24.04526610358775, 14.291287776837915, 36.77490997314453, 67.9625
142607218.jpg, -17.732196711931607, 11.056859278045724, 56.6877326965332, 55.8625
1427484100.jpg, 42.917329512680766, 9.936615565214899, 41.7512321472168, 71.65
1428835063.jpg, 40.32398537594176, 14.035281228061638, 44.30739974975586, 52.7758620689655
1429120335.jpg, 15.874923582638047, 9.680215441130274, 24.055011749267578, 59.5675675675676
1429419760.jpg, 24.978428533322102, 15.852384259753896, 45.65459060668945, 68.4807692307692
1429848565.jpg, 34.411285130903224, 7.913530313923767, 15.081912994384766, 67.8325688073395
1430765461.jpg, 38.020125367443, 13.424200750616464, 27.25696563720703, 52.8571428571429
1431934782.jpg, 8.19418422513499, 11.814186747405959, 42.10893249511719, 64.1272321428571
143394138.jpg, 46.85108328963767, 11.404697895688924, 21.201749801635742, 29.94375
1434258458.jpg, 20.567353260906856, 11.193625344744333, 51.280208587646484, 67.8608695652174
1435966034.jpg, 1.3777043627974024, 13.553739425427892, 18.009342193603516, N/A
143622689.jpg, -2.9383851933818335, 8.04904651202068, 25.732107162475586, 62.7375
143643298.jpg, 38.17786493069727, 19.85525472239684, 5.863999843597412, 22.1449579831933
143899204.jpg, 42.96202679276175, 13.135393146560075, 59.66059494018555, 44.8625
144272742.jpg, 13.908255323700217, 12.33399407811585, -8.083003997802734, 24.16875
1446670895.jpg, 19.02193660220152, 15.415321101457984, 61.415443420410156, 61.3326086956522
145089144.jpg, 14.401896388277208, 10.824927210650467, 30.637344360351562, 19.425
145215893.jpg, 17.773450537921434, 19.710460534766117, -8.957795143127441, 10.14375
145517507.jpg, 24.4794235783356, 12.867979256718593, 49.89360046386719, 41.35625
1459611891.jpg, 29.19072266682528, 13.944606802861882, 17.520854949951172, 34.7236842105263
1461013559.jpg, 37.952925347007834, 9.65065543171267, 41.427337646484375, 63.8881578947368
1465282532.jpg, 31.17074131339845, 11.072877897404496, 14.057209968566895, 35.6941964285714
1465706268.jpg, 19.48398538240926, 10.243257842144459, 42.92240524291992, 59.78125
1466864952.jpg, 36.881061519195185, 18.046172075695534, 27.781005859375, 47.3169291338583
146926363.jpg, 52.50016991229026, 12.333092129311723, 28.01285743713379, 9.9375
1473138944.jpg, 46.99692251138842, 13.882048671954902, 9.899795532226562, 31.8050458715596
1474406158.jpg, -7.39528255530152, 8.949987876615982, 23.560522079467773, N/A
147639760.jpg, 38.67325063300697, 13.196132998986926, 13.831015586853027, 47.40625
147783170.jpg, 2.8992274997512766, 19.150322177209954, 15.349369049072266, 34.2079831932773
1487386722.jpg, 26.369064388802684, 14.44516388131655, 15.103697776794434, 28.9459459459459
14898266.jpg, 35.26704142584023, 15.26498015897466, 12.6646146774292, 38.7727272727273
1490095554.jpg, 97.25263990550926, 12.008605122340894, 17.264022827148438, 55.0669642857143
1492755190.jpg, 6.656471242877927, 13.040853025080832, 37.20460891723633, 60.2058823529412
1494601659.jpg, 25.2154563901141, 13.69463744230789, 47.25830078125, 31.0481651376147
149795981.jpg, 24.037455063296505, 10.51760245799462, 39.064117431640625, 63.0483193277311
149836125.jpg, 18.867574235639694, 13.562964577408598, 33.178977966308594, 46.7563025210084
149867784.jpg, 7.957555662332396, 8.969789752626761, 25.383420944213867, 72.8928571428571
1500316824.jpg, 9.32475497949551, 12.165871997333564, 35.9013557434082, 72.0955882352941
15012954.jpg, 12.641034559371604, 14.760264818713281, 25.306650161743164, 25.8910256410256
1511406857.jpg, 18.565671725368105, 9.434750410807338, 54.97111892700195, 74.9679487179487
1513796016.jpg, 11.701235947819299, 8.116809787512091, 82.9739990234375, 70.1216216216216
1516506386.jpg, 24.005520792024384, 9.466552626301697, 35.39946746826172, 66.7866379310345
151837041.jpg, 34.405999311819954, 12.325569360498257, 30.310867309570312, N/A
1519242706.jpg, 9.252997292932235, 13.375315357263815, 33.26214599609375, 73.9430693069307
1519650440.jpg, 31.29340493631034, 11.84207351143259, 33.803627014160156, 53.1567796610169
152346984.jpg, 16.57845601367964, 11.827443944327527, 26.287330627441406, N/A
1527228794.jpg, 27.703040050209637, 15.050624877594927, 39.812129974365234, 25.3125
152780037.jpg, 34.21950677901654, 14.587818127600466, 14.14948844909668, 40.6554621848739
152927161.jpg, -1.3540745889029324, 10.683662329368154, 28.771747589111328, N/A
1529757375.jpg, 28.72357857935728, 9.630781291390507, 9.564664840698242, 66.775
153557108.jpg, 52.48168701713311, 9.467801842949244, 23.489652633666992, 67.4159663865546
153876946.jpg, 12.279341201112942, 12.95351662013282, 38.937984466552734, 52.9264705882353
1539716347.jpg, 63.4901579054368, 13.01233106966145, 13.59599781036377, 37.9827586206897
1540229828.jpg, -2.402707145663527, 8.991369488898494, 31.339895248413086, 72.9125
154270569.jpg, 15.375950755657499, 10.940552480116866, 37.424896240234375, 70.4772727272727
1543375325.jpg, 59.67477765542205, 10.080480612691533, 8.963541984558105, 23.9474789915966
1543929747.jpg, 41.01154431185077, 12.947829750690028, 2.4539082050323486, 33.7203389830508
154603426.jpg, 26.830956913075482, 10.042663581043609, 22.693904876708984, 64.0
154740129.jpg, 19.734315280310597, 9.486346743388564, -6.356568813323975, 7.6
155289213.jpg, 29.662277054019313, 14.27250353231783, 9.91201400756836, 48.0735294117647
155365010.jpg, 25.683883049728905, 14.382672943792771, 34.379310607910156, 21.14375
155711788.jpg, 43.64572660769406, 16.385481254423826, 2.3993377685546875, 13.16875
155797839.jpg, 48.52317628442185, 10.044071969455057, 68.78317260742188, 79.4096638655462
1558503807.jpg, 12.474808401575018, 16.10044688198798, 67.2100601196289, 58.6728971962617
156015117.jpg, 39.27050503515997, 11.032152970257235, 22.46498680114746, 62.077731092437
156117321.jpg, 55.281622414746465, 12.911654665650346, 1.2731776237487793, 32.2668067226891
1561250178.jpg, 23.9338642428705, 12.555836394123734, 26.928171157836914, 61.4191176470588
1562015932.jpg, 28.174207617364203, 7.310813599848519, 22.87206268310547, 56.0233050847458
156266461.jpg, 11.338860894702492, 12.820955721251691, 12.743815422058105, 41.0125
156451756.jpg, 22.59910559156785, 13.476881690597311, 54.49950408935547, 48.0735294117647
1565882132.jpg, 42.57168123854237, 20.77864893024154, 9.814614295959473, 43.5878378378378
1571972975.jpg, 8.412325342137336, 10.885798309111784, 37.205448150634766, 50.9004854368932
1572596360.jpg, 39.445457543221636, 13.255437438610524, 38.06502914428711, 56.0252293577982
1572804254.jpg, 22.065440919653355, 13.897714075607643, 36.14552688598633, 50.7844827586207
1573719804.jpg, 15.541654354050337, 15.932190189347876, 13.99404525756836, 72.5
1576235224.jpg, 35.85869656621034, 14.14385008473966, 27.47169303894043, 28.9065217391304
1580074951.jpg, 13.82822649267743, 13.236966599818956, 36.3454704284668, 67.5892857142857
158100229.jpg, 19.82203764104335, 10.622539171607805, 48.92243194580078, 53.7584033613445
159144665.jpg, -7.721129664993015, 5.287110192946924, 55.47993850708008, 74.15
159838722.jpg, 5.312979982557721, 12.278921437169705, 46.41726303100586, 74.9033613445378
160123908.jpg, 8.041978317134152, 11.071658987796496, 63.377315521240234, 63.3949579831933
16057476.jpg, 16.661550052054253, 8.253536178965243, 18.664653778076172, 41.6363636363636
16079437.jpg, 17.27782718155069, 13.176830666461504, 39.77887725830078, 53.0868644067797
160981911.jpg, 18.971026798880956, 13.545743416692545, 28.64060401916504, 64.25
160999577.jpg, 24.388990000515008, 12.557290022135039, 18.59493064880371, 30.5909090909091
161483962.jpg, 32.46646956534718, 18.54902131179207, 44.16905212402344, 53.9375
161551525.jpg, 19.290050383126385, 13.102363411606087, -12.351375579833984, 42.86875
1626230781.jpg, 53.649165165483936, 11.631544384875092, 18.572731018066406, 15.2293577981651
162955701.jpg, 39.74736960934919, 13.293968152347992, 43.82637405395508, N/A
163208499.jpg, 8.111693558539827, 11.270490003235103, 15.591044425964355, 27.3181818181818
1634910276.jpg, 61.09440549510609, 13.362209714051385, 29.659948348999023, 76.9
163666873.jpg, 24.799807133396797, 27.29791155566907, 30.253862380981445, 44.8151260504202
163977327.jpg, 28.883191151267596, 11.34206676919068, 14.280903816223145, 22.38125
1646704912.jpg, 33.250574246183504, 17.920812919593157, 11.482612609863281, 59.7617924528302
165074300.jpg, 18.253306095901365, 15.000786685525961, 40.77799606323242, 71.3676470588235
16523804.jpg, 23.57740734701767, 11.561453943913879, 36.21375274658203, 42.1806722689076
1654836945.jpg, 10.311259983420172, 16.915386448630965, 22.39087677001953, 48.4375
1663721615.jpg, 10.710941778766454, 17.01039173280963, 5.893311500549316, 15.4201680672269
166528976.jpg, 24.635358799342015, 13.482780784161701, 63.39727020263672, 62.25625
1669800671.jpg, 7.028264805617226, 6.018841305118309, 56.702064514160156, 60.0878378378378
1674951001.jpg, 9.161631090693362, 11.158678242736775, 21.235536575317383, 44.468487394958
1679551869.jpg, 155.845, 16.368709749824916, 31.8072566986084, 67.1398305084746
16799807.jpg, 21.217739293799895, 12.202657025496883, 65.02021026611328, 39.9030172413793
168084078.jpg, 17.208452212485412, 16.488463239351116, 17.7371768951416, N/A
1682888994.jpg, 61.22135042293249, 11.506228482471657, 43.17404556274414, 66.4934210526316
1693839090.jpg, 41.354035511131286, 16.468083118043783, 18.35875701904297, 22.0669642857143
169625095.jpg, 30.493144628438444, 12.296635362042021, 16.975309371948242, 43.9831932773109
169779095.jpg, 95.23939225455618, 14.76427042300006, 25.41832733154297, 66.3125
1708787959.jpg, 18.864523885753187, 13.461663697189424, 47.79352569580078, 58.9579831932773
171857013.jpg, 44.45231286686291, 14.623640463122532, 23.258285522460938, 48.9875
174715115.jpg, 25.780707537221218, 15.740343434601492, 23.437936782836914, 28.3151260504202
1748861184.jpg, 18.66004547924726, 18.63986252037972, 54.89826202392578, 62.2457627118644
175326787.jpg, 22.01912800349416, 15.547776829824443, 35.739742279052734, 35.2272727272727
1755366250.jpg, -13.139901047388236, 16.750852812330432, 42.3300895690918, 14.7262931034483
17606027.jpg, 46.58746876665052, 12.616896106736146, 50.664249420166016, 69.3863636363636
